Classification Report:
              precision    recall  f1-score   support

 1280x720-20       0.93      0.95      0.94      4883
 1280x720-22       0.55      0.43      0.48      4019
 1280x720-24       0.43      0.45      0.44      4996
 1280x720-26       0.47      0.57      0.52      4911
1920x1080-22       0.93      0.95      0.94      5005
1920x1080-24       0.71      0.73      0.72      4656
  426x240-26       0.73      0.78      0.76      4926
  640x360-24       0.63      0.72      0.67      5119
  640x360-26       0.73      0.78      0.75      4337
  854x480-22       0.39      0.23      0.29      1252
  854x480-24       0.45      0.41      0.43      3858
  854x480-26       0.51      0.33      0.40      2974

    accuracy                           0.65     50936
   macro avg       0.62      0.61      0.61     50936
weighted avg       0.65      0.65      0.65     50936