Classification Report:
              precision    recall  f1-score   support

           0       0.96      0.94      0.95    119705
           1       0.27      0.03      0.06      3928
           2       0.37      0.21      0.27      6165
           3       0.45      0.59      0.51      9922
           4       0.95      0.99      0.97    228020
           5       0.48      0.05      0.09      4526
           6       0.69      0.64      0.67      6468
           7       0.64      0.79      0.71     15637
           8       0.67      0.72      0.69      4245
           9       0.37      0.16      0.23      1327
          10       0.44      0.33      0.38      3723
          11       0.18      0.02      0.03      3012

    accuracy                           0.90    406678
   macro avg       0.54      0.46      0.46    406678
weighted avg       0.89      0.90      0.89    406678